1403120096 -0700
1403120096 -0700
1403033696 -0700
1403033696 -0700
1402601696 -0700
1402601696 -0700
1402342496 -0700
1402342496 -0700
1402083296 -0700
1402083296 -0700
1401737696 -0700
1401737696 -0700
1400873696 -0700
1400873696 -0700
1400528096 -0700
1400528096 -0700
1400182496 -0700
1400182496 -0700
1399923296 -0700
1399923296 -0700
1399491296 -0700
1399491296 -0700
1399404896 -0700
1399404896 -0700
1401219296 -0700
1401219296 -0700
1401564896 -0700
1401564896 -0700
1434656096 -0700
1434656096 -0700
1434569696 -0700
1434569696 -0700
1434137696 -0700
1434137696 -0700
1433878496 -0700
1433878496 -0700
1433619296 -0700
1433619296 -0700
1433273696 -0700
1433273696 -0700
1432409696 -0700
1432409696 -0700
1432064096 -0700
1432064096 -0700
1431718496 -0700
1431718496 -0700
1431459296 -0700
1431459296 -0700
1431027296 -0700
1431027296 -0700
1430940896 -0700
1430940896 -0700
1432755296 -0700
1432755296 -0700
1433100896 -0700
1433100896 -0700
1434569696 -0700
1434569696 -0700
1434483296 -0700
1434483296 -0700
1434051296 -0700
1434051296 -0700
1433792096 -0700
1433792096 -0700
1433532896 -0700
1433532896 -0700
1433187296 -0700
1433187296 -0700
1432323296 -0700
1432323296 -0700
1431977696 -0700
1431977696 -0700
1431632096 -0700
